[gd_scene load_steps=6 format=3 uid="uid://cway7v6ep8frw"]

[ext_resource type="PackedScene" uid="uid://doa8krrgt8xfa" path="res://assets/models/rocks/stone_small_a/stone_small_a.tscn" id="1_krlsl"]
[ext_resource type="PackedScene" uid="uid://d05knyxxhtsso" path="res://assets/models/rocks/stone_small_b/stone_small_b.tscn" id="2_1jlkg"]
[ext_resource type="PackedScene" uid="uid://dy134o4s71jmj" path="res://assets/models/rocks/stone_small_c/stone_small_c.tscn" id="3_mnc8q"]
[ext_resource type="PackedScene" uid="uid://7q7b3suevh33" path="res://assets/nodes/cave_tools/cave_entrance_template.tscn" id="4_bslxk"]
[ext_resource type="PackedScene" uid="uid://qo41vcxihexa" path="res://assets/nodes/cave_tools/snapping_point.tscn" id="5_0samb"]

[node name="C02" type="Node3D"]

[node name="StoneSmallALod1" parent="." instance=ExtResource("1_krlsl")]
transform = Transform3D(1, 0, 0, 0, 1, 0, 0, 0, 1, 0.0317255, 0, -0.152017)

[node name="StoneSmallBLod1" parent="." instance=ExtResource("2_1jlkg")]
transform = Transform3D(1, 0, 0, 0, 1, 0, 0, 0, 1, -1.1009, 0, -0.0764024)

[node name="StoneSmallCLod1" parent="." instance=ExtResource("3_mnc8q")]
transform = Transform3D(1, 0, 0, 0, 1, 0, 0, 0, 1, -0.965785, 0.0644996, 0.423598)

[node name="StoneSmallCLod2" parent="." instance=ExtResource("3_mnc8q")]
transform = Transform3D(-0.909983, 0, 0.414646, 0, 1, 0, -0.414646, 0, -0.909983, 0.75988, -2.38419e-07, -0.368526)

[node name="StoneSmallBLod2" parent="." instance=ExtResource("2_1jlkg")]
transform = Transform3D(-1, 0, 0.00104728, 0, 1, 0, -0.00104728, 0, -1, -0.80169, 0.00776553, -0.422152)

[node name="StoneSmallBLod3" parent="." instance=ExtResource("2_1jlkg")]
transform = Transform3D(-0.0663958, 0, -0.997793, 0, 1, 0, 0.997793, 0, -0.0663958, 1.3703, -0.124184, -0.177799)

[node name="StoneSmallALod2" parent="." instance=ExtResource("1_krlsl")]
transform = Transform3D(-0.680933, 0.0728068, 0.728718, -0.106316, -0.994332, 0, 0.724588, -0.0774744, 0.684814, 1.46362, -0.183481, -0.154026)

[node name="StoneSmallCLod3" parent="." instance=ExtResource("3_mnc8q")]
transform = Transform3D(1, 0, 0, 0, 1, 0, 0, 0, 1, 2.40982, 0.0228593, -0.134156)

[node name="StoneSmallCLod4" parent="." instance=ExtResource("3_mnc8q")]
transform = Transform3D(-0.326723, 0, 0.94512, 0, 1, 0, -0.94512, 0, -0.326723, 0.118275, 0, 0.768809)

[node name="StoneSmallALod3" parent="." instance=ExtResource("1_krlsl")]
transform = Transform3D(1, 0, 0, 0, 1, 0, 0, 0, 1, -0.754288, -0.0994411, 0.604348)

[node name="StoneSmallALod4" parent="." instance=ExtResource("1_krlsl")]
transform = Transform3D(0.0416838, 0, -0.999131, 0, 1, 0, 0.999131, 0, 0.0416838, 1.29078, -0.163193, 0.717335)

[node name="StoneSmallBLod4" parent="." instance=ExtResource("2_1jlkg")]
transform = Transform3D(1, 0, 0, 0, 1, 0, 0, 0, 1, 2.53494, -0.052103, 0.39692)

[node name="StoneSmallCLod5" parent="." instance=ExtResource("3_mnc8q")]
transform = Transform3D(1, 0, 0, 0, 1, 0, 0, 0, 1, 2.2259, -0.129367, 0.89692)

[node name="StoneSmallALod5" parent="." instance=ExtResource("1_krlsl")]
transform = Transform3D(0.0251301, 0, -0.999684, 0, 1, 0, 0.999684, 0, 0.0251301, -0.872214, 0, -0.723784)

[node name="CaveEntranceTemplate" parent="." instance=ExtResource("4_bslxk")]
transform = Transform3D(1, 0, 0, 0, 1, 0, 0, 0, 1, -1.52662, 1.08576, 0.00900197)
visible = false

[node name="CaveEntranceTemplate2" parent="." instance=ExtResource("4_bslxk")]
transform = Transform3D(-0.271306, 0, -0.962493, 0, 1, 0, 0.962493, 0, -0.271306, 2.09699, 1.00947, -0.738638)
visible = false

[node name="CaveEntranceTemplate3" parent="." instance=ExtResource("4_bslxk")]
transform = Transform3D(0.0108208, 0, -0.999941, 0, 1, 0, 0.999941, 0, 0.0108208, 1.6191, 1.0256, 1.3313)
visible = false

[node name="StoneSmallALod6" parent="." instance=ExtResource("1_krlsl")]
transform = Transform3D(1, 0, 0, 0, -0.0100704, -0.999949, 0, 0.999949, -0.0100704, -0.426374, 0.715526, 1.26514)

[node name="StoneSmallALod7" parent="." instance=ExtResource("1_krlsl")]
transform = Transform3D(-0.0946817, -0.99414, -0.0521703, 0, 0.0524057, -0.998626, 0.995508, -0.0945516, -0.00496186, 2.85647, 0.867017, 0.394637)

[node name="StoneSmallCLod6" parent="." instance=ExtResource("3_mnc8q")]
transform = Transform3D(0.99591, 0.0872039, -0.0236519, 8.62952e-09, 0.261768, 0.965131, 0.0903545, -0.961183, 0.260697, 0.0772635, 0.39, -0.844615)

[node name="StoneSmallBLod5" parent="." instance=ExtResource("2_1jlkg")]
transform = Transform3D(0.989925, -0.139768, 0.022655, 0, -0.160002, -0.987117, 0.141592, 0.977172, -0.15839, -0.777951, 0.603769, -0.986481)

[node name="StoneSmallALod8" parent="." instance=ExtResource("1_krlsl")]
transform = Transform3D(0.00966756, -0.0744056, 0.997181, 0.991664, 0.128848, 0, -0.128484, 0.988869, 0.075031, -0.72847, 1.26612, -1.14275)

[node name="StoneSmallBLod6" parent="." instance=ExtResource("2_1jlkg")]
transform = Transform3D(0.124974, 0.193952, 0.973018, -0.984909, -0.0941019, 0.145259, 0.119736, -0.976488, 0.179265, 0.447726, 0.985034, -0.941229)

[node name="StoneSmallCLod7" parent="." instance=ExtResource("3_mnc8q")]
transform = Transform3D(1, 0, 0, 0, 0.262762, -0.964861, 0, 0.964861, 0.262762, 0.418237, 1.34414, -1.21766)

[node name="StoneSmallBLod7" parent="." instance=ExtResource("2_1jlkg")]
transform = Transform3D(-0.11244, 0.993658, 0, -0.993658, -0.11244, 0, 0, 0, 1, 0.841004, 1.00397, -1.34131)

[node name="StoneSmallCLod8" parent="." instance=ExtResource("3_mnc8q")]
transform = Transform3D(-0.126286, -0.991994, 0, 0.991994, -0.126286, 0, 0, 0, 1, 2.94223, 1.20603, 0.104573)

[node name="StoneSmallCLod9" parent="." instance=ExtResource("3_mnc8q")]
transform = Transform3D(-0.0315154, -0.999503, 0, 0.870575, -0.0274502, -0.491269, 0.491025, -0.0154825, 0.871008, 2.84007, 1.38536, 0.808036)

[node name="StoneSmallCLod10" parent="." instance=ExtResource("3_mnc8q")]
transform = Transform3D(1, 0, 0, 0, -0.103192, 0.994661, 0, -0.994661, -0.103192, -0.863874, 0.830123, 0.991921)

[node name="StoneSmallBLod8" parent="." instance=ExtResource("2_1jlkg")]
transform = Transform3D(1, 0, 0, 0, 0.0219196, -0.99976, 0, 0.99976, 0.0219196, -0.763963, 1.60054, 0.938019)

[node name="StoneSmallBLod9" parent="." instance=ExtResource("2_1jlkg")]
transform = Transform3D(0.181549, 0.983382, 0, -0.983382, 0.181549, 0, 0, 0, 1, 0.202459, 1.06668, 0.961484)

[node name="StoneSmallBLod10" parent="." instance=ExtResource("2_1jlkg")]
transform = Transform3D(-0.401024, 0.915964, 0.0137868, 0.915423, 0.40126, -0.0314714, -0.0343588, 0, -0.99941, 0.249268, 1.81043, 1.21091)

[node name="StoneSmallALod9" parent="." instance=ExtResource("1_krlsl")]
transform = Transform3D(1, 0, 0, 0, 1, 0, 0, 0, 1, 2.69092, 2.05312, 0.438407)

[node name="StoneSmallCLod11" parent="." instance=ExtResource("3_mnc8q")]
transform = Transform3D(0.744556, 0, -0.66756, 0, 1, 0, 0.66756, 0, 0.744556, 0.227469, 2.00647, -1.2593)

[node name="StoneSmallALod10" parent="." instance=ExtResource("1_krlsl")]
transform = Transform3D(1, 0, 0, 0, -0.999995, 0.00303686, 0, -0.00303686, -0.999995, -0.765249, 1.92111, 0.714024)

[node name="StoneSmallBLod11" parent="." instance=ExtResource("2_1jlkg")]
transform = Transform3D(0.832186, 0, 0.554496, 0, 1, 0, -0.554496, 0, 0.832186, -0.906105, 2.06138, -1.20225)

[node name="StoneSmallALod11" parent="." instance=ExtResource("1_krlsl")]
transform = Transform3D(0.605475, 0, -0.795865, 0, 1, 0, 0.795865, 0, 0.605475, -0.655649, 2.27658, -0.289199)

[node name="StoneSmallALod12" parent="." instance=ExtResource("1_krlsl")]
transform = Transform3D(1, 0, 0, 0, 1, 0, 0, 0, 1, 0.0770788, 2.34565, 0.144677)

[node name="StoneSmallCLod12" parent="." instance=ExtResource("3_mnc8q")]
transform = Transform3D(1, 0, 0, 0, 1, 0, 0, 0, 1, 0.711167, 2.20431, 0.940042)

[node name="StoneSmallBLod12" parent="." instance=ExtResource("2_1jlkg")]
transform = Transform3D(1, 0, 0, 0, 1, 0, 0, 0, 1, 1.49117, 2.23636, 0.943373)

[node name="StoneSmallCLod13" parent="." instance=ExtResource("3_mnc8q")]
transform = Transform3D(0.438795, 0, 0.898587, 0, 1, 0, -0.898587, 0, 0.438795, 0.903607, 2.13982, -0.00644958)

[node name="StoneSmallBLod13" parent="." instance=ExtResource("2_1jlkg")]
transform = Transform3D(0.942781, 0, -0.333412, 0, 1, 0, 0.333412, 0, 0.942781, 1.70253, 2.00448, 0.0546428)

[node name="StoneSmallBLod14" parent="." instance=ExtResource("2_1jlkg")]
transform = Transform3D(1, 0, 0, 0, 1, 0, 0, 0, 1, 1.12931, 1.94972, -0.452341)

[node name="StoneSmallCLod14" parent="." instance=ExtResource("3_mnc8q")]
transform = Transform3D(1, 0, 0, 0, 1, 0, 0, 0, 1, 1.80115, 2.00562, -0.178943)

[node name="StoneSmallALod13" parent="." instance=ExtResource("1_krlsl")]
transform = Transform3D(1, 0, 0, 0, 1, 0, 0, 0, 1, 2.77497, 2.30468, 0.141364)

[node name="StoneSmallBLod15" parent="." instance=ExtResource("2_1jlkg")]
transform = Transform3D(1, 0, 0, 0, 1, 0, 0, 0, 1, 2.57993, 2.17107, 0.983037)

[node name="StoneSmallBLod16" parent="." instance=ExtResource("2_1jlkg")]
transform = Transform3D(0.180588, 0.983559, 0, -0.983559, 0.180588, 0, 0, 0, 1, 2.99374, 1.55065, -0.181514)

[node name="snapping_points" type="Node3D" parent="."]

[node name="snapping_point" parent="snapping_points" instance=ExtResource("5_0samb")]
transform = Transform3D(0.316758, 0, 0.948506, 0, 1, 0, -0.948506, 0, 0.316758, 2.07913, 0, -0.768258)

[node name="snapping_point2" parent="snapping_points" instance=ExtResource("5_0samb")]
transform = Transform3D(-1, 0, 8.74228e-08, 0, 1, 0, -8.74228e-08, 0, -1, -1.52852, 0, 0)

[node name="snapping_point3" parent="snapping_points" instance=ExtResource("5_0samb")]
transform = Transform3D(0.00452036, 0, -0.99999, 0, 1, 0, 0.99999, 0, 0.00452036, 1.63446, 0, 1.3078)
